<?xml version="1.0"?>
<opencv_storage>
<intrinsics_focal_522c2a4a type_id="opencv-matrix">
  <rows>3</rows>
  <cols>3</cols>
  <dt>d</dt>
  <data>
    3.8922010366756001e+002 0. 3.0761085203678749e+002 0.
    3.8862543222863133e+002 2.2981704207858820e+002 0. 0. 1.</data></intrinsics_focal_522c2a4a>
</opencv_storage>
